11.21 -94.07 
-29.79 -83.07 
-57.79 -125.07 
-3.79 -158.07 
-120.79 3.93 
-82.79 -40.07 
-162.79 -26.07 
-134.79 -74.07 
78.21 75.93 
155.21 50.93 
112.21 24.93 
133.21 100.93 
74.21 -121.07 
118.21 -93.07 
41.21 -76.07 
80.21 -40.07 
-53.79 129.93 
3.21 111.93 
-2.79 61.93 
-48.79 56.93 
460.585761 106.329897 
476.993771 30.999072 
523.287503 44.779786 
512.069247 109.279671 
-187.101028 -419.792050 
-137.439580 -372.024088 
-101.116241 -418.559274 
-152.265498 -459.108819 
-644.827872 -254.680007 
-707.826975 -311.406268 
-671.382448 -339.634169 
-621.363267 -297.937075 
-456.985000 330.204708 
-434.856023 253.597712 
-484.335824 247.699030 
-495.315175 308.439828 
-191.985607 364.308614 
-240.052150 304.571511 
-155.079718 317.667328 
-201.274499 275.634298 
