52.916071 6.876700 472.7 77. 0. 2.
52.915394 6.876945 478.0 86. 16. 54.
52.915518 6.877636 525.2 8
5. 6. 32.
52.916098 6.877468 523.6 77. 57. 12.
52.911340 6.867041 459.6 204. 1. 21.
52.911769 6.867781 396.6 200. 16. 34.
52.911351 6.868323 430.6 193. 34. 53.
52.910986 6.867560 483.7 198. 20. 54.
52.912825 6.860214 693.3 248. 26. 53.
52.912314 6.859275 773.3 246. 15. 11.
52.912060 6.859818 752.4 243. 9. 59.
52.912436 6.860564 689.1 244. 22. 58.
52.918085 6.863015 563.8 305. 51. 03.
52.917396 6.863345 503.4 300. 14. 59.
52.917343 6.862607 544.0 297. 5. 10.
52.917889 6.862444 583.5 301. 54. 40.
52.918391 6.866968 411.8 332. 12. 41.
52.917854 6.866251 387.8 321. 45. 22.
52.917972 6.867518 353.5 333. 58. 45.
52.917594 6.866829 341.3 323. 51. 44.
